0 0.6546875 0.3125 0.3828125 0.3125 0.3828125 0.55625 0.6546875 0.55625 0.6546875 0.3125
0 0.334375 0.421875 0.278125 0.421875 0.278125 0.496875 0.334375 0.496875 0.334375 0.421875
0 0.2421875 0.4921875 0.125 0.4921875 0.125 0.628125 0.2421875 0.628125 0.2421875 0.4921875
0 0.3296875 0.5390625 0.2671875 0.5390625 0.2671875 0.603125 0.3296875 0.603125 0.3296875 0.5390625
0 0.86875 0.6328125 0.7578125 0.6328125 0.7578125 0.803125 0.86875 0.803125 0.86875 0.6328125
0 0.6453125 0.6328125 0.525 0.6328125 0.525 0.84375 0.6453125 0.84375 0.6453125 0.6328125
0 0.31875 0.70625 0.153125 0.70625 0.153125 0.8171875 0.31875 0.8171875 0.31875 0.70625
0 0.496875 0.7171875 0.3890625 0.7171875 0.3890625 0.8359375 0.496875 0.8359375 0.496875 0.7171875
0 0.190625 0.125 0.13125 0.125 0.13125 0.175 0.190625 0.175 0.190625 0.125
0 0.534375 0.121875 0.4625 0.121875 0.4625 0.253125 0.534375 0.253125 0.534375 0.121875
0 0.8609375 0.1078125 0.7453125 0.1078125 0.7453125 0.271875 0.8609375 0.271875 0.8609375 0.1078125
0 0.4109375 0.15 0.325 0.15 0.325 0.3171875 0.4109375 0.3171875 0.4109375 0.15
0 0.3984375 0.153125 0.315625 0.153125 0.315625 0.325 0.3984375 0.325 0.3984375 0.153125
0 0.7203125 0.171875 0.58125 0.171875 0.58125 0.3109375 0.7203125 0.3109375 0.7203125 0.171875
0 0.2703125 0.2171875 0.128125 0.2171875 0.128125 0.403125 0.2703125 0.403125 0.2703125 0.2171875