0 0.6671875 0.2734375 0.3609375 0.2734375 0.3609375 0.55625 0.6671875 0.55625 0.6671875 0.2734375
0 0.8140625 0.3546875 0.740625 0.3546875 0.740625 0.45625 0.8140625 0.45625 0.8140625 0.3546875
0 0.3359375 0.4484375 0.26875 0.4484375 0.26875 0.53125 0.3359375 0.53125 0.3359375 0.4484375
0 0.3484375 0.565625 0.2765625 0.565625 0.2765625 0.6390625 0.3484375 0.6390625 0.3484375 0.565625
0 0.25625 0.5453125 0.1171875 0.5453125 0.1171875 0.6984375 0.25625 0.6984375 0.25625 0.5453125
0 0.909375 0.55625 0.7484375 0.55625 0.7484375 0.771875 0.909375 0.771875 0.909375 0.55625
0 0.6984375 0.6078125 0.5453125 0.6078125 0.5453125 0.8359375 0.6984375 0.8359375 0.6984375 0.6078125
0 0.3765625 0.7328125 0.1953125 0.7328125 0.1953125 0.86875 0.3765625 0.86875 0.3765625 0.7328125
0 0.5484375 0.7125 0.4234375 0.7125 0.4234375 0.846875 0.5484375 0.846875 0.5484375 0.7125
0 0.14375 0.178125 0.0765625 0.178125 0.0765625 0.2375 0.14375 0.2375 0.14375 0.178125
0 0.4953125 0.121875 0.403125 0.121875 0.403125 0.2625 0.4953125 0.2625 0.4953125 0.121875
0 0.8109375 0.0578125 0.6703125 0.0578125 0.6703125 0.2375 0.8109375 0.2375 0.8109375 0.0578125
0 0.375 0.1734375 0.265625 0.1734375 0.265625 0.353125 0.375 0.353125 0.375 0.1734375
0 0.371875 0.1734375 0.2640625 0.1734375 0.2640625 0.35625 0.371875 0.35625 0.371875 0.1734375
0 0.6875 0.1421875 0.528125 0.1421875 0.528125 0.3015625 0.6875 0.3015625 0.6875 0.1421875
0 0.2578125 0.2578125 0.0890625 0.2578125 0.0890625 0.4640625 0.2578125 0.4640625 0.2578125 0.2578125
0 0.8765625 0.26875 0.7875 0.26875 0.7875 0.334375 0.8765625 0.334375 0.8765625 0.26875