0 0.6640625 0.296875 0.3921875 0.296875 0.3921875 0.540625 0.6640625 0.540625 0.6640625 0.296875
0 0.81875 0.403125 0.759375 0.403125 0.759375 0.496875 0.81875 0.496875 0.81875 0.403125
0 0.334375 0.421875 0.278125 0.421875 0.278125 0.496875 0.334375 0.496875 0.334375 0.421875
0 0.3296875 0.5390625 0.2671875 0.5390625 0.2671875 0.603125 0.3296875 0.603125 0.3296875 0.5390625
0 0.23125 0.503125 0.1125 0.503125 0.1125 0.6390625 0.23125 0.6390625 0.23125 0.503125
0 0.8640625 0.6140625 0.7328125 0.6140625 0.7328125 0.8109375 0.8640625 0.8109375 0.8640625 0.6140625
0 0.646875 0.6328125 0.525 0.6328125 0.525 0.84375 0.646875 0.84375 0.646875 0.6328125
0 0.325 0.7078125 0.159375 0.7078125 0.159375 0.81875 0.325 0.81875 0.325 0.7078125
0 0.496875 0.7140625 0.3890625 0.7140625 0.3890625 0.8328125 0.496875 0.8328125 0.496875 0.7140625
0 0.190625 0.125 0.13125 0.125 0.13125 0.175 0.190625 0.175 0.190625 0.125
0 0.534375 0.121875 0.4625 0.121875 0.4625 0.253125 0.534375 0.253125 0.534375 0.121875
0 0.8515625 0.1078125 0.7359375 0.1078125 0.7359375 0.271875 0.8515625 0.271875 0.8515625 0.1078125
0 0.4015625 0.153125 0.3171875 0.153125 0.3171875 0.321875 0.4015625 0.321875 0.4015625 0.153125
0 0.3984375 0.153125 0.3171875 0.153125 0.3171875 0.325 0.3984375 0.325 0.3984375 0.153125
0 0.7203125 0.171875 0.58125 0.171875 0.58125 0.3109375 0.7203125 0.3109375 0.7203125 0.171875
0 0.2703125 0.21875 0.1296875 0.21875 0.1296875 0.4046875 0.2703125 0.4046875 0.2703125 0.21875
0 0.9 0.3296875 0.81875 0.3296875 0.81875 0.3828125 0.9 0.3828125 0.9 0.3296875