0 0.7390625 0.34375 0.4328125 0.34375 0.4328125 0.66875 0.7390625 0.66875 0.7390625 0.34375
0 0.6765625 0.725 0.5703125 0.725 0.5703125 0.80625 0.6765625 0.80625 0.6765625 0.725
0 0.534375 0.265625 0.446875 0.265625 0.446875 0.3390625 0.534375 0.3390625 0.534375 0.265625
0 0.41875 0.2859375 0.340625 0.2859375 0.340625 0.3625 0.41875 0.3625 0.41875 0.2859375
0 0.428125 0.1265625 0.265625 0.1265625 0.265625 0.2765625 0.428125 0.2765625 0.428125 0.1265625
0 0.484375 0.7546875 0.2609375 0.7546875 0.2609375 0.9328125 0.484375 0.9328125 0.484375 0.7546875
0 0.4109375 0.5578125 0.175 0.5578125 0.175 0.7296875 0.4109375 0.7296875 0.4109375 0.5578125
0 0.2546875 0.2234375 0.1046875 0.2234375 0.1046875 0.4125 0.2546875 0.4125 0.2546875 0.2234375
0 0.2921875 0.4484375 0.15 0.4484375 0.15 0.5828125 0.2921875 0.5828125 0.2921875 0.4484375
0 0.7828125 0.046875 0.71875 0.046875 0.71875 0.1171875 0.7828125 0.1171875 0.7828125 0.046875
0 0.875 0.3671875 0.7296875 0.3671875 0.7296875 0.4703125 0.875 0.4703125 0.875 0.3671875
0 0.9703125 0.625 0.78125 0.625 0.78125 0.7796875 0.9703125 0.7796875 0.9703125 0.625
0 0.809375 0.2328125 0.625 0.2328125 0.625 0.3578125 0.809375 0.3578125 0.809375 0.2328125
0 0.809375 0.2328125 0.621875 0.2328125 0.621875 0.35625 0.809375 0.35625 0.809375 0.2328125
0 0.8734375 0.49375 0.703125 0.49375 0.703125 0.6640625 0.8734375 0.6640625 0.8734375 0.49375
0 0.7125 0.06875 0.496875 0.06875 0.496875 0.253125 0.7125 0.253125 0.7125 0.06875
0 0.76875 0.7625 0.696875 0.7625 0.696875 0.8546875 0.76875 0.8546875 0.76875 0.7625